-3.205696220032456800e-01 4.480551946958012954e-01 -8.345547674986967257e-01 3.452987416406734678e+00 9.472249560947475500e-01 1.516354520391845484e-01 -2.824386167580063001e-01 4.546110134135947223e-01 1.078977932490423164e-16 -8.810523436158487209e-01 -4.730187816662466682e-01 5.936285447159415085e-01 0.000000000000000000e+00 0.000000000000000000e+00 0.000000000000000000e+00 1.000000000000000000e+00
-3.139329310152697561e-01 4.530657137828867920e-01 -8.343725629588769621e-01 3.457151553373337016e+00 9.494451615676188228e-01 1.498056477907042938e-01 -2.758843110179438618e-01 4.697096078660035756e-01 1.076219806983754285e-16 -8.788001632250705963e-01 -4.771899759169185296e-01 5.942743770991206764e-01 0.000000000000000000e+00 0.000000000000000000e+00 0.000000000000000000e+00 1.000000000000000000e+00
-3.084751309215140735e-01 4.567669288580877285e-01 -8.343902362231387926e-01 3.461394428741041196e+00 9.512324077758046448e-01 1.481249345883572377e-01 -2.705843863755633683e-01 4.841857724473697666e-01 1.074220478273808051e-16 -8.771675874396782646e-01 -4.801843641199226576e-01 5.943021885723190900e-01 0.000000000000000000e+00 0.000000000000000000e+00 0.000000000000000000e+00 1.000000000000000000e+00
-3.041687110710002417e-01 4.592174476739072086e-01 -8.346261024897727587e-01 3.465709754441737900e+00 9.526181791281363997e-01 1.466270350709932280e-01 -2.664941226010122954e-01 4.980586001391502093e-01 1.072961032335543353e-16 -8.761391717861677364e-01 -4.820582450926941820e-01 5.937296416724008319e-01 0.000000000000000000e+00 0.000000000000000000e+00 0.000000000000000000e+00 1.000000000000000000e+00
-3.009782307214501906e-01 4.604739409745323697e-01 -8.350903270396373701e-01 3.470091242407321808e+00 9.536310107330746577e-01 1.453315071426939942e-01 -2.635652640236334499e-01 5.113471839228024285e-01 1.072417616979386996e-16 -8.756954394736882197e-01 -4.828638496356753018e-01 5.925743989362308728e-01 0.000000000000000000e+00 0.000000000000000000e+00 0.000000000000000000e+00 1.000000000000000000e+00
-2.988612210472971209e-01 4.605908622745393255e-01 -8.357858745775229581e-01 3.474532604569682714e+00 9.542965841676889216e-01 1.442452480563506390e-01 -2.617467055361790695e-01 5.240706167797837267e-01 1.072562254811632127e-16 -8.758135452265842780e-01 -4.826495975318345066e-01 5.908541229006738504e-01 0.000000000000000000e+00 0.000000000000000000e+00 0.000000000000000000e+00 1.000000000000000000e+00
-2.977690505223200557e-01 4.596204582597632204e-01 -8.367094040944689226e-01 3.479027552860710859e+00 9.546379379382720076e-01 1.433640357434579626e-01 -2.609849817600861654e-01 5.362479916915504630e-01 1.073363474066161885e-16 -8.764677903975900408e-01 -4.814604993097214014e-01 5.885864761025934033e-01 0.000000000000000000e+00 0.000000000000000000e+00 0.000000000000000000e+00 1.000000000000000000e+00
-2.976477483114633449e-01 4.576130048632546798e-01 -8.378521084923870044e-01 3.483569799212299145e+00 9.546757658624815956e-01 1.426740736133977339e-01 -2.612245983697610852e-01 5.478984016395603840e-01 1.074786790986653793e-16 -8.776300168627902965e-01 -4.793386626399109840e-01 5.857891210788542802e-01 0.000000000000000000e+00 0.000000000000000000e+00 0.000000000000000000e+00 1.000000000000000000e+00
-2.984387843229439063e-01 4.546172092222574568e-01 -8.392005035096258281e-01 3.488153055556339144e+00 9.544287778623626872e-01 1.421535167416606293e-01 -2.624082423746156856e-01 5.590409396052705704e-01 1.076795078169905747e-16 -8.792699077967723875e-01 -4.763238701168097111e-01 5.824797203663212297e-01 0.000000000000000000e+00 0.000000000000000000e+00 0.000000000000000000e+00 1.000000000000000000e+00
-3.000798071350586071e-01 4.506807234153201724e-01 -8.407371734921857964e-01 3.492771033824724203e+00 9.539140995654620259e-01 1.417739654163453766e-01 -2.644769051927575720e-01 5.696946985701381028e-01 1.079348852176958610e-16 -8.813552225249299266e-01 -4.724542006671454963e-01 5.786759365018586676e-01 0.000000000000000000e+00 0.000000000000000000e+00 0.000000000000000000e+00 1.000000000000000000e+00
-3.025053423089428817e-01 4.458507216716841581e-01 -8.424414827508125425e-01 3.497417445949343229e+00 9.531476894346171402e-01 1.415019169358579521e-01 -2.673699490012447777e-01 5.798787715156203948e-01 1.082406511347372684e-16 -8.838519907135561349e-01 -4.677666710141755724e-01 5.743954320223306764e-01 0.000000000000000000e+00 0.000000000000000000e+00 0.000000000000000000e+00 1.000000000000000000e+00
-3.056474538667753871e-01 4.401744984285095863e-01 -8.442902610346558756e-01 3.502086003862088237e+00 9.521447547220733831e-01 1.413001689444060016e-01 -2.710251433198125337e-01 5.896122514231743050e-01 1.085924551492364173e-16 -8.867246884966564213e-01 -4.622978767099278352e-01 5.696558694646018939e-01 0.000000000000000000e+00 0.000000000000000000e+00 0.000000000000000000e+00 1.000000000000000000e+00
-3.094363712140312805e-01 4.337000501341728986e-01 -8.462584703762250360e-01 3.506770419494852575e+00 9.509201502596799083e-01 1.411291680718024244e-01 -2.753786951626227553e-01 5.989142312742571361e-01 1.089857783237178267e-16 -8.899364159494637105e-01 -4.560846144818120895e-01 5.644749113655366246e-01 0.000000000000000000e+00 0.000000000000000000e+00 0.000000000000000000e+00 1.000000000000000000e+00
-3.138010827731910202e-01 4.264766091025005701e-01 -8.483198585078660647e-01 3.511464404779524706e+00 9.494887468792734264e-01 1.409482968109572742e-01 -2.803652923878370840e-01 6.078038040503254136e-01 1.094159570389187380e-16 -8.934490917307618130e-01 -4.491644693043704839e-01 5.588702202619992843e-01 0.000000000000000000e+00 0.000000000000000000e+00 0.000000000000000000e+00 1.000000000000000000e+00
-3.186698963164835696e-01 4.185551031023571622e-01 -8.504476014714937859e-01 3.516161671647999754e+00 9.478657590511651021e-01 1.407170899831645117e-01 -2.859181760662102278e-01 6.163000627328374392e-01 1.098782103941777085e-16 -8.972236768240376970e-01 -4.415763509817468013e-01 5.528594586908546216e-01 0.000000000000000000e+00 0.000000000000000000e+00 0.000000000000000000e+00 1.000000000000000000e+00
-3.239709646492343054e-01 4.099885198116499097e-01 -8.526149351770100360e-01 3.520855932032167512e+00 9.460670240866894121e-01 1.403963703171215716e-01 -2.919692537537695864e-01 6.244221003032495165e-01 1.103676721295463156e-16 -9.012204352013052366e-01 -4.333609663728033579e-01 5.464602891889670522e-01 0.000000000000000000e+00 0.000000000000000000e+00 0.000000000000000000e+00 1.000000000000000000e+00
-3.296327740780908289e-01 4.008321608386514745e-01 -8.547957727381434445e-01 3.525540897863918666e+00 9.441092279252343289e-01 1.399492910447684424e-01 -2.984492614875841610e-01 6.321890097430190592e-01 1.108794275116814584e-16 -9.053992350192727745e-01 -4.245612149343317432e-01 5.396903742932002146e-01 0.000000000000000000e+00 0.000000000000000000e+00 0.000000000000000000e+00 1.000000000000000000e+00
-3.355845921318732494e-01 3.911437757311586050e-01 -8.569653016490559327e-01 3.530210281075146561e+00 9.420100750648499055e-01 1.393422723579952616e-01 -3.052879781623017430e-01 6.396198840336032587e-01 1.114085551125994011e-16 -9.097198897687592822e-01 -4.152224971736437897e-01 5.325673765404196347e-01 0.000000000000000000e+00 0.000000000000000000e+00 0.000000000000000000e+00 1.000000000000000000e+00
-3.417568703739579661e-01 3.809835722081044707e-01 -8.591005524731955001e-01 3.534857793597743658e+00 9.397884025418687948e-01 1.385458183454567338e-01 -3.124144917682116773e-01 6.467338161564594179e-01 1.119501729204568901e-16 -9.141425347977960580e-01 -4.053929280012913972e-01 5.251089584674895061e-01 0.000000000000000000e+00 0.000000000000000000e+00 0.000000000000000000e+00 1.000000000000000000e+00
-3.480815978962691903e-01 3.704141046470472154e-01 -8.611809288903850002e-01 3.539477147363599308e+00 9.374642399611730070e-01 1.375352018058846326e-01 -3.197575129035041819e-01 6.535498990930443952e-01 1.124994877773721199e-16 -9.186280310020704665e-01 -3.951234498954207530e-01 5.173327826112736894e-01 0.000000000000000000e+00 0.000000000000000000e+00 0.000000000000000000e+00 1.000000000000000000e+00
-3.544926012171142893e-01 3.595000484743512970e-01 -8.631886878482960546e-01 3.544062054304606857e+00 9.350588193703773809e-01 1.362910061713160370e-01 -3.272457271752929886e-01 6.600872258248157154e-01 1.130518467646152563e-16 -9.231383844168485897e-01 -3.844678441901879795e-01 5.092565115086372662e-01 0.000000000000000000e+00 0.000000000000000000e+00 0.000000000000000000e+00 1.000000000000000000e+00
-3.609257867836919709e-01 3.483078733193696319e-01 -8.651093583000422083e-01 3.548606226352655657e+00 9.325945402127191475e-01 1.347995166174505710e-01 -3.348081747585155976e-01 6.663648893332297929e-01 1.136027888725268153e-16 -9.276371681338774211e-01 -3.734826425639622416e-01 5.008978076964439863e-01 0.000000000000000000e+00 0.000000000000000000e+00 0.000000000000000000e+00 1.000000000000000000e+00
-3.673193230426726741e-01 3.369054323742357027e-01 -8.669320876263618691e-01 3.553103375439638167e+00 9.300948956528429790e-01 1.330529561311489806e-01 -3.423746426727450332e-01 6.724019825997444855e-01 1.141480951193210434e-16 -9.320899315524719952e-01 -3.622269447439107060e-01 4.922743337115586537e-01 0.000000000000000000e+00 0.000000000000000000e+00 0.000000000000000000e+00 1.000000000000000000e+00
-3.736137600074981857e-01 3.253614891163894018e-01 -8.686499063103761964e-01 3.557547213497446847e+00 9.275843672319298294e-01 1.310495665997125914e-01 -3.498760534260210719e-01 6.782175986058166517e-01 1.146838352307703830e-16 -9.364645815480654445e-01 -3.507621523283361298e-01 4.834037520908459062e-01 0.000000000000000000e+00 0.000000000000000000e+00 0.000000000000000000e+00 1.000000000000000000e+00
-3.797520853281857178e-01 3.137452052034479522e-01 -8.702599036499042429e-01 3.561931452457974157e+00 9.250882950772291169e-01 1.287935395699525143e-01 -3.572448326794226414e-01 6.838308303329035942e-01 1.152064090641387433e-16 -9.407317207242931190e-01 -3.391516321988006788e-01 4.743037253711701595e-01 0.000000000000000000e+00 0.000000000000000000e+00 0.000000000000000000e+00 1.000000000000000000e+00
-3.856797169672012693e-01 3.021256147992357199e-01 -8.717633100803701129e-01 3.566249804253109446e+00 9.226327307873375405e-01 1.262948058485572900e-01 -3.644152385611442724e-01 6.892607707624622826e-01 1.157125811473194137e-16 -9.448649294464576132e-01 -3.274603259971212710e-01 4.649919160893953851e-01 0.000000000000000000e+00 0.000000000000000000e+00 0.000000000000000000e+00 1.000000000000000000e+00
-3.913444336195021633e-01 2.905711107729497256e-01 -8.731654848075507402e-01 3.570495980814745618e+00 9.202442796752561271e-01 1.235686972286944296e-01 -3.713236361857027990e-01 6.945265128759501305e-01 1.161995069909986039e-16 -9.488409806966483506e-01 -3.157543243577553005e-01 4.554859867823865538e-01 0.000000000000000000e+00 0.000000000000000000e+00 0.000000000000000000e+00 1.000000000000000000e+00
-3.966962449156956616e-01 2.791489671561029340e-01 -8.744758106462792169e-01 3.574663694074773801e+00 9.179499383244089650e-01 1.206354970131124499e-01 -3.779087027188086645e-01 6.996471496548243296e-01 1.166647501926495845e-16 -9.526399797384530466e-01 -3.041004258529074744e-01 4.458035999870078592e-01 0.000000000000000000e+00 0.000000000000000000e+00 0.000000000000000000e+00 1.000000000000000000e+00
-4.016872041614967803e-01 2.679249200577303869e-01 -8.757075009527888199e-01 3.578746655965085566e+00 9.157769324529418942e-01 1.175198984046397221e-01 -3.841115508104945286e-01 7.046417740805415164e-01 1.171062897553677708e-16 -9.562454238797809536e-01 -2.925657008416708282e-01 4.359624182401236614e-01 0.000000000000000000e+00 0.000000000000000000e+00 0.000000000000000000e+00 1.000000000000000000e+00
-4.062711668609027549e-01 2.569628261182348439e-01 -8.768773260672272363e-01 3.582738578417573372e+00 9.137525589444226437e-01 1.142503910769133851e-01 -3.898757611871913054e-01 7.095294791345592156e-01 1.175225174585186367e-16 -9.596441810025746477e-01 -2.812170796162598574e-01 4.259801040785985982e-01 0.000000000000000000e+00 0.000000000000000000e+00 0.000000000000000000e+00 1.000000000000000000e+00
-4.104034985310043848e-01 2.463244137736598227e-01 -8.780052685334950313e-01 3.586633173364127458e+00 9.119040346404395647e-01 1.108585962405234798e-01 -3.951473184093100555e-01 7.143293577983347298e-01 1.179122255082490994e-16 -9.628263887215823269e-01 -2.701209824899882816e-01 4.158743200392969186e-01 0.000000000000000000e+00 0.000000000000000000e+00 0.000000000000000000e+00 1.000000000000000000e+00
-4.140407353478864905e-01 2.360691383819331357e-01 -8.791141173796455099e-01 3.590424152736640728e+00 9.102583531462821176e-01 1.073785692938212660e-01 -3.998744470253514094e-01 7.190605030533248065e-01 1.182745850354442204e-16 -9.657852788068493899e-01 -2.593430069232179336e-01 4.056627286590831494e-01 0.000000000000000000e+00 0.000000000000000000e+00 0.000000000000000000e+00 1.000000000000000000e+00
-4.171402009866148619e-01 2.262541479066486338e-01 -8.802290118349218595e-01 3.594105228467004309e+00 9.088421495071883349e-01 1.038460867852700198e-01 -4.040073483719567871e-01 7.237420078809870816e-01 1.186091162744591302e-16 -9.685169336745861335e-01 -2.489476836316768804e-01 3.953629924748217617e-01 0.000000000000000000e+00 0.000000000000000000e+00 0.000000000000000000e+00 1.000000000000000000e+00
-4.196595826686870256e-01 2.169343616076553072e-01 -8.813769440076263395e-01 3.597670112487110217e+00 9.076815711880149573e-01 1.002979310680631730e-01 -4.074978409134490387e-01 7.283929652627784135e-01 1.189156514336277497e-16 -9.710199832018624466e-01 -2.389983100832616947e-01 3.849927740233771156e-01 0.000000000000000000e+00 0.000000000000000000e+00 0.000000000000000000e+00 1.000000000000000000e+00
-4.215564689539201826e-01 2.081626602404088588e-01 -8.825862282886237642e-01 3.601112516728848245e+00 9.068021523370478620e-01 9.677118188663601239e-02 -4.102989091786146680e-01 7.330324681801557718e-01 1.191942913522614311e-16 -9.732952508041431416e-01 -2.295568660748362189e-01 3.745697358416136824e-01 0.000000000000000000e+00 0.000000000000000000e+00 0.000000000000000000e+00 1.000000000000000000e+00
-4.227878512669973610e-01 1.999901827312047797e-01 -8.838859426601232139e-01 3.604426153124112187e+00 9.062286868230531311e-01 9.330251939809751371e-02 -4.123641680031526757e-01 7.376796096145767923e-01 1.194453570306603720e-16 -9.753453576477959519e-01 -2.206840123681211019e-01 3.641115404663957666e-01 0.000000000000000000e+00 0.000000000000000000e+00 0.000000000000000000e+00 1.000000000000000000e+00
-4.233095905979981088e-01 1.924667211978385584e-01 -8.853053437877287379e-01 3.607604733604792280e+00 9.059850939765815570e-01 8.992753798673665255e-02 -4.136472499653404133e-01 7.423534825474984444e-01 1.196693370283765506e-16 -9.771742931243113661e-01 -2.124391697804396961e-01 3.536358504345881171e-01 0.000000000000000000e+00 0.000000000000000000e+00 0.000000000000000000e+00 1.000000000000000000e+00
-4.230769806010967193e-01 1.856400487750752282e-01 -8.868729563901736057e-01 3.610641970102780540e+00 9.060937415551766350e-01 8.667980774218445039e-02 -4.141023332997759154e-01 7.470731799603773648e-01 1.198668611737053781e-16 -9.787872001720117066e-01 -2.048795177157403391e-01 3.431603282830548718e-01 0.000000000000000000e+00 0.000000000000000000e+00 0.000000000000000000e+00 1.000000000000000000e+00
-4.220863942814961356e-01 1.795134666156778802e-01 -8.886045189318290127e-01 3.613531574549968983e+00 9.065556109596617507e-01 8.358030211580126656e-02 -4.137284826257263681e-01 7.518577948346714113e-01 1.200397048633081821e-16 -9.801985760048080865e-01 -1.980170487562793180e-01 3.327026365486606685e-01 0.000000000000000000e+00 0.000000000000000000e+00 0.000000000000000000e+00 1.000000000000000000e+00
-4.203875420303756494e-01 1.740341455338144105e-01 -8.904978555246353400e-01 3.616267258878249624e+00 9.073446503427786691e-01 8.063285174236473063e-02 -4.125821478375363283e-01 7.567264201518376643e-01 1.201908611026513875e-16 -9.814328603670294804e-01 -1.918059972779554700e-01 3.222804377682697563e-01 0.000000000000000000e+00 0.000000000000000000e+00 0.000000000000000000e+00 1.000000000000000000e+00
-4.180314568419321031e-01 1.691470686811956392e-01 -8.925463406721080295e-01 3.618842735019511814e+00 9.084325517563821561e-01 7.783604341855963893e-02 -4.107211331966401646e-01 7.616981488933328714e-01 1.203230792513376108e-16 -9.825125034835450188e-01 -1.861966178492429347e-01 3.119113944787466619e-01 0.000000000000000000e+00 0.000000000000000000e+00 0.000000000000000000e+00 1.000000000000000000e+00
-4.150673095553988889e-01 1.647987218434613654e-01 -8.947404706490056370e-01 3.621251714905649344e+00 9.097907058980337913e-01 7.518494270197623175e-02 -4.082010483235655740e-01 7.667920740406145574e-01 1.204388049190192460e-16 -9.834574752726535918e-01 -1.811391573634425212e-01 3.016131692169559675e-01 0.000000000000000000e+00 0.000000000000000000e+00 0.000000000000000000e+00 1.000000000000000000e+00
-4.115428987358460411e-01 1.609369250874385648e-01 -8.970684191540226893e-01 3.623487910468553341e+00 9.113903897343317295e-01 7.267187520314417892e-02 -4.050757411328916868e-01 7.720272885751395808e-01 1.205402186052660799e-16 -9.842855808645470939e-01 -1.765839610557572159e-01 2.914034245197618667e-01 0.000000000000000000e+00 0.000000000000000000e+00 0.000000000000000000e+00 1.000000000000000000e+00
-4.075050964005696996e-01 1.575106355336672592e-01 -8.995165346458855460e-01 3.625545033640114490e+00 9.132029327633384153e-01 7.028710094374659989e-02 -4.013977167764674614e-01 7.774228854783652443e-01 1.206292714808534464e-16 -9.850127527777008396e-01 -1.724815261565602886e-01 2.812998229240288861e-01 0.000000000000000000e+00 0.000000000000000000e+00 0.000000000000000000e+00 1.000000000000000000e+00
-4.030002504018760923e-01 1.544697373221368408e-01 -9.020697857858089863e-01 3.627416796352226136e+00 9.151998678846196000e-01 6.801939664198182467e-02 -3.972185336869814565e-01 7.829979577317489614e-01 1.207077180117559452e-16 -9.856533173139990778e-01 -1.687825170682947518e-01 2.713200269666214970e-01 0.000000000000000000e+00 0.000000000000000000e+00 0.000000000000000000e+00 1.000000000000000000e+00
-3.980745444394557242e-01 1.517648308982040006e-01 -9.047121603978578452e-01 3.629096910536777187e+00 9.173530711069319832e-01 6.585655820483055090e-02 -3.925891703448962655e-01 7.887715983167472578e-01 1.207771452755919430e-16 -9.862202339456707101e-01 -1.654377531162300463e-01 2.614816991844041150e-01 0.000000000000000000e+00 0.000000000000000000e+00 0.000000000000000000e+00 1.000000000000000000e+00
-3.927743167728756646e-01 1.493470305139213417e-01 -9.074270221677743775e-01 3.630579088125663212e+00 9.196348928154045588e-01 6.378583319362804427e-02 -3.875603583962037857e-01 7.947629002148179911e-01 1.208389989156971419e-16 -9.867253072463828545e-01 -1.623981774513848786e-01 2.518025021142412667e-01 0.000000000000000000e+00 0.000000000000000000e+00 0.000000000000000000e+00 1.000000000000000000e+00
-3.871463387909991893e-01 1.471677761731401135e-01 -9.101974280434862452e-01 3.631857041050771784e+00 9.220182820100286669e-01 6.179429068286614035e-02 -3.821828793631087962e-01 8.009909564074179089e-01 1.208946057355384068e-16 -9.871793713886316546e-01 -1.596148135504534549e-01 2.423000982929972014e-01 0.000000000000000000e+00 0.000000000000000000e+00 0.000000000000000000e+00 1.000000000000000000e+00
-3.812380547061747227e-01 1.451786640298602937e-01 -9.130064080576634211e-01 3.632924481243997583e+00 9.244769037914639664e-01 5.986913381242267573e-02 -3.765078235212364066e-01 8.074748598760042029e-01 1.209451929673144218e-16 -9.875924474838065903e-01 -1.570387139304981194e-01 2.329921502575364733e-01 0.000000000000000000e+00 0.000000000000000000e+00 0.000000000000000000e+00 1.000000000000000000e+00
-3.750977837978107243e-01 1.433312973898162590e-01 -9.158372081208115967e-01 3.633775120637228628e+00 9.269852493917962732e-01 5.799795847351368883e-02 -3.705868106435167286e-01 8.142337036020337315e-01 1.209919042618075784e-16 -9.879738741492392062e-01 -1.546209041447609844e-01 2.238963205447233873e-01 0.000000000000000000e+00 0.000000000000000000e+00 0.000000000000000000e+00 1.000000000000000000e+00
-3.687748868409547187e-01 1.415771589036087796e-01 -9.186734952703400348e-01 3.634402671162360043e+00 9.295187372158998373e-01 5.616895998279962388e-02 -3.644721732848882900e-01 8.212865805669645747e-01 1.210358124478578277e-16 -9.883324116972148632e-01 -1.523123238243282718e-01 2.150302716914226364e-01 0.000000000000000000e+00 0.000000000000000000e+00 0.000000000000000000e+00 1.000000000000000000e+00
-3.623198986186565995e-01 1.398675032387408090e-01 -9.214995239297343321e-01 3.634800844751283400e+00 9.320538026664374476e-01 5.437108828753042106e-02 -3.582171041330426964e-01 8.286525837522531468e-01 1.210779291032225682e-16 -9.886763202869736089e-01 -1.500637654592526793e-01 2.064116662344984976e-01 0.000000000000000000e+00 0.000000000000000000e+00 0.000000000000000000e+00 1.000000000000000000e+00
-3.557846287210512659e-01 1.381532684618839157e-01 -9.243002609429049610e-01 3.634963353335888492e+00 9.345679739675566422e-01 5.259415119655871246e-02 -3.518757696888062392e-01 8.363508061393567505e-01 1.211192109664660140e-16 -9.890134122817608731e-01 -1.478258107597852644e-01 1.980581667108154420e-01 0.000000000000000000e+00 0.000000000000000000e+00 0.000000000000000000e+00 1.000000000000000000e+00
-3.492222331603471175e-01 1.363850035536030014e-01 -9.270614665016466693e-01 3.634883908848066447e+00 9.370399307748309425e-01 5.082886432725174791e-02 -3.455033931594618801e-01 8.444003407097323555e-01 1.211605632030326937e-16 -9.893510789183410647e-01 -1.455487637979603899e-01 1.899874356572376910e-01 0.000000000000000000e+00 0.000000000000000000e+00 0.000000000000000000e+00 1.000000000000000000e+00
-3.426872596540922467e-01 1.345128089319477249e-01 -9.297697275691472196e-01 3.634556223219710613e+00 9.394495420568199640e-01 4.906684586842432333e-02 -3.391563099306211804e-01 8.528202804448374863e-01 1.212028395179946063e-16 -9.896962912276481283e-01 -1.431825797024148805e-01 1.822171356106300766e-01 0.000000000000000000e+00 0.000000000000000000e+00 0.000000000000000000e+00 1.000000000000000000e+00
-3.362356697189801125e-01 1.324862866062314626e-01 -9.324124400016982062e-01 3.633974008382710785e+00 9.417778795494343713e-01 4.730055384921454109e-02 -3.328919992984641363e-01 8.616297183261287795e-01 1.212468390826454616e-16 -9.900555749385229198e-01 -1.406767874709646260e-01 1.747649291078567368e-01 0.000000000000000000e+00 0.000000000000000000e+00 0.000000000000000000e+00 1.000000000000000000e+00
-3.299239037107792316e-01 1.302542083332879908e-01 -9.349781061456513553e-01 3.633132493246532313e+00 9.440075305633109926e-01 4.552291745218604857e-02 -3.267681842321877306e-01 8.708454525555952008e-01 1.212933062388673642e-16 -9.904350080636841192e-01 -1.379800521883149944e-01 1.676475959695723494e-01 0.000000000000000000e+00 0.000000000000000000e+00 0.000000000000000000e+00 1.000000000000000000e+00
-3.237991118382664291e-01 1.277614291671961277e-01 -9.374599470856903594e-01 3.632044133690575993e+00 9.461258558842738919e-01 4.372466626320156008e-02 -3.208333186990120489e-01 8.804582215584109139e-01 1.213429816326426976e-16 -9.908406384365385788e-01 -1.350363996212607387e-01 1.608718917906917789e-01 0.000000000000000000e+00 0.000000000000000000e+00 0.000000000000000000e+00 1.000000000000000000e+00
-3.179028685614677663e-01 1.249498616897889020e-01 -9.398538706756986993e-01 3.630732309100984878e+00 9.481232863717620196e-01 4.189531048177164846e-02 -3.151301585047769360e-01 8.904422394290827381e-01 1.213965579090247630e-16 -9.912781219331628924e-01 -1.317865128784483364e-01 1.544382158714467379e-01 0.000000000000000000e+00 0.000000000000000000e+00 0.000000000000000000e+00 1.000000000000000000e+00
-3.122767833170786433e-01 1.217618636623701012e-01 -9.421556448690443508e-01 3.629220572544671342e+00 9.499911634331860144e-01 4.002500715666075515e-02 -3.097011272194064024e-01 9.007714575297848247e-01 1.214545923372301315e-16 -9.917520090020366386e-01 -1.281715750095330231e-01 1.483468664487237187e-01 0.000000000000000000e+00 0.000000000000000000e+00 0.000000000000000000e+00 1.000000000000000000e+00
-3.069381015285767567e-01 1.181768592992323424e-01 -9.443639297200007166e-01 3.627532477088544649e+00 9.517294793322486068e-01 3.811270074702954869e-02 -3.045626704173285404e-01 9.114198272226892161e-01 1.215169109370496487e-16 -9.922608789869410417e-01 -1.241706407813988194e-01 1.425981417594087697e-01 0.000000000000000000e+00 0.000000000000000000e+00 0.000000000000000000e+00 1.000000000000000000e+00
-3.018770082390828668e-01 1.142153509391882066e-01 -9.464803883369473647e-01 3.625691575799515842e+00 9.533468791036244783e-01 3.616625720631480578e-02 -2.997027359619294229e-01 9.223612998699697307e-01 1.215826267897812209e-16 -9.927974896470703747e-01 -1.198046098882477595e-01 1.371923400403882443e-01 0.000000000000000000e+00 0.000000000000000000e+00 0.000000000000000000e+00 1.000000000000000000e+00
-2.970823289783305343e-01 1.099005308000185616e-01 -9.485061745390406251e-01 3.623721421744496851e+00 9.548518679925231956e-01 3.419326781510788338e-02 -2.951079982435469429e-01 9.335698268337990768e-01 1.216508119801711986e-16 -9.933542639793713214e-01 -1.150969427656595850e-01 1.321297595285483018e-01 0.000000000000000000e+00 0.000000000000000000e+00 0.000000000000000000e+00 1.000000000000000000e+00
-2.925428782585743903e-01 1.052563324210939316e-01 -9.504418808456670531e-01 3.621645567990396497e+00 9.562524062088361143e-01 3.220069329131034636e-02 -2.907652850176066783e-01 9.450193594763502958e-01 1.217205415218625552e-16 -9.939236488970464301e-01 -1.100717046437496988e-01 1.274106984607752957e-01 0.000000000000000000e+00 0.000000000000000000e+00 0.000000000000000000e+00 1.000000000000000000e+00
-2.882474486059674046e-01 1.003075088120725517e-01 -9.522876729476582591e-01 3.619487567604126266e+00 9.575559557394807131e-01 3.019498058342922134e-02 -2.866615683613974452e-01 9.566838491597962069e-01 1.217909035553135047e-16 -9.944981985018788162e-01 -1.047536785822707067e-01 1.230354550739553854e-01 0.000000000000000000e+00 0.000000000000000000e+00 0.000000000000000000e+00 1.000000000000000000e+00
-2.841847983646174636e-01 9.507970392124108494e-02 -9.540434215908155657e-01 3.617270973652596755e+00 9.587695241185243411e-01 2.818217080092053073e-02 -2.827839544077527800e-01 9.685372472463099625e-01 1.218610096699679980e-16 -9.950706583711514952e-01 -9.916846700843530427e-02 1.190043276049748550e-01 0.000000000000000000e+00 0.000000000000000000e+00 0.000000000000000000e+00 1.000000000000000000e+00
-2.803436388385454059e-01 8.959951516446383601e-02 -9.557088317291287938e-01 3.615019339202718562e+00 9.598997052623587933e-01 2.616799857492397088e-02 -2.791196726993989130e-01 9.805535050980647149e-01 1.219300053200912236e-16 -9.956340506093972476e-01 -9.334258013963513123e-02 1.153176142907199192e-01 0.000000000000000000e+00 0.000000000000000000e+00 0.000000000000000000e+00 1.000000000000000000e+00
-2.767126213044736605e-01 8.389454491812639580e-02 -9.572835685123752825e-01 3.612756217321402286e+00 9.609527174688705653e-01 2.415798302604083361e-02 -2.756560658598075642e-01 9.927065740772331726e-01 1.219970802666483409e-16 -9.961817591128108162e-01 -8.730350972845252189e-02 1.119756133680768623e-01 0.000000000000000000e+00 0.000000000000000000e+00 0.000000000000000000e+00 1.000000000000000000e+00
-2.732803244009988086e-01 7.799343906496061796e-02 -9.587673793773466846e-01 3.610505161075559410e+00 9.619344386678776448e-01 2.215751039991728163e-02 -2.723805801403483273e-01 1.004970405545988932e+00 1.220614789410567227e-16 -9.967076141957067481e-01 -8.107978665673810925e-02 1.089786230739318990e-01 0.000000000000000000e+00 0.000000000000000000e+00 0.000000000000000000e+00 1.000000000000000000e+00
-2.700352423759883602e-01 7.192591089799139914e-02 -9.601602112233329489e-01 3.608289723532099202e+00 9.628504389960785836e-01 2.017190832119678326e-02 -2.692807572771214741e-01 1.017318950866504368e+00 1.221225105915011617e-16 -9.972059754414709376e-01 -7.470102103602443977e-02 1.063269416451712440e-01 0.000000000000000000e+00 0.000000000000000000e+00 0.000000000000000000e+00 1.000000000000000000e+00
-2.669657746527190345e-01 6.572274894027921310e-02 -9.614623213812419911e-01 3.606133457757933591e+00 9.637060107543553578e-01 1.820651151632202841e-02 -2.663442279726226936e-01 1.029726161400952744e+00 1.221795590398625525e-16 -9.976718113739302396e-01 -6.819792364772507554e-02 1.040208673186812371e-01 0.000000000000000000e+00 0.000000000000000000e+00 0.000000000000000000e+00 1.000000000000000000e+00
-2.640602171550799904e-01 5.941580752896900852e-02 -9.626743808431241778e-01 3.604059916819972731e+00 9.645061957893333870e-01 1.626671876970603794e-02 -2.635587072066777892e-01 1.042165988511507324e+00 1.222320918483964147e-16 -9.981007743089611584e-01 -6.160230778024632786e-02 1.020606983313480653e-01 0.000000000000000000e+00 0.000000000000000000e+00 0.000000000000000000e+00 1.000000000000000000e+00
-2.613067558118338241e-01 5.303797934040168499e-02 -9.637975680165320469e-01 3.602092653785126330e+00 9.652558103254778032e-01 1.435804080949518342e-02 -2.609119914780043681e-01 1.054612383560340483e+00 1.222796686714018659e-16 -9.984892685510445842e-01 -5.494707078998847805e-02 1.004467329200579434e-01 0.000000000000000000e+00 0.000000000000000000e+00 0.000000000000000000e+00 1.000000000000000000e+00
-2.586934626382623170e-01 4.662314939422016608e-02 -9.648336511175334973e-01 3.600255221720307208e+00 9.659594672594838949e-01 1.248613877154742743e-02 -2.583919579831224222e-01 1.067039297909626150e+00 1.223219485495591489e-16 -9.988345099560497209e-01 -4.826615502459370710e-02 9.917926932169718324e-02 0.000000000000000000e+00 0.000000000000000000e+00 0.000000000000000000e+00 1.000000000000000000e+00
-2.562082947693454793e-01 4.020613046047282618e-02 -9.657850572279421675e-01 3.598571173692423741e+00 9.666215959160979754e-01 1.065685286576799860e-02 -2.559865656545537993e-01 1.079420682921536478e+00 1.223586958946036357e-16 -9.991345747998078286e-01 -4.159448809165931099e-02 9.825860577315199962e-02 0.000000000000000000e+00 0.000000000000000000e+00 0.000000000000000000e+00 1.000000000000000000e+00
-2.538390967908622509e-01 3.382258019329248411e-02 -9.666549260255531406e-01 3.597064062768389636e+00 9.672464592545165774e-01 8.876220869310877393e-03 -2.536838579071990507e-01 1.091730489958245620e+00 1.223897849106225447e-16 -9.993884358807377799e-01 -3.496790282319617305e-02 9.768504051130866284e-02 0.000000000000000000e+00 0.000000000000000000e+00 0.000000000000000000e+00 1.000000000000000000e+00
-2.515736066824700856e-01 2.750890071348801105e-02 -9.674471462577732828e-01 3.595757442015111049e+00 9.678381685079245900e-01 7.150486097310402092e-03 -2.514719668825898258e-01 1.103942670381924618e+00 1.224152022063100198e-16 -9.995959838505293904e-01 -2.842303766124181647e-02 9.745887177305331828e-02 0.000000000000000000e+00 0.000000000000000000e+00 0.000000000000000000e+00 1.000000000000000000e+00
-2.493994656490887141e-01 2.130212174379184434e-02 -9.681663731731038336e-01 3.594674864499502132e+00 9.684006952361967624e-01 5.486094553864239581e-03 -2.493391189376369110e-01 1.116031175554748289e+00 1.224350473704850167e-16 -9.997580319136020188e-01 -2.199721855692823858e-02 9.758039779527231949e-02 0.000000000000000000e+00 0.000000000000000000e+00 0.000000000000000000e+00 1.000000000000000000e+00
-2.473042320730930443e-01 1.523976874673225144e-02 -9.688180253521730956e-01 3.593839883288472148e+00 9.689378807739624788e-01 3.889681043197318420e-03 -2.472736410995811651e-01 1.127969956838889010e+00 1.224495313111387992e-16 -9.998763022643992748e-01 -1.572832381634119495e-02 9.804991681485186739e-02 0.000000000000000000e+00 0.000000000000000000e+00 0.000000000000000000e+00 1.000000000000000000e+00
-2.452753997694535337e-01 9.359717808204040188e-03 -9.694082596875712721e-01 3.593276051448933028e+00 9.694534430636340128e-01 2.368044121728858902e-03 -2.452639682038574576e-01 1.139732965596520042e+00 1.224589721958896192e-16 -9.999533929386851261e-01 -9.654633623896164904e-03 9.886772706867824612e-02 0.000000000000000000e+00 0.000000000000000000e+00 0.000000000000000000e+00 1.000000000000000000e+00
-2.433004206687934823e-01 3.700039233001463194e-03 -9.699439236430436040e-01 3.593006922047794482e+00 9.699509808760380380e-01 9.281098938292314283e-04 -2.432986504476275236e-01 1.151294153189814207e+00 1.224637888781811262e-16 -9.999927241343805617e-01 -3.814666210925113290e-03 1.000341267936376566e-01 0.000000000000000000e+00 0.000000000000000000e+00 0.000000000000000000e+00 1.000000000000000000e+00
-2.413667319893907648e-01 -1.701168042411840831e-03 -9.704324843676931378e-01 3.593056048151967552e+00 9.704339754402467877e-01 -4.231152055196107193e-04 -2.413663611292204136e-01 1.162627470980944544e+00 1.224644917476599298e-16 -9.999984634992267196e-01 1.752997200700912982e-03 1.015494142266163691e-01 0.000000000000000000e+00 0.000000000000000000e+00 0.000000000000000000e+00 1.000000000000000000e+00
-2.394617878887392304e-01 -6.805949070302079636e-03 -9.708819347368560226e-01 3.593446982828361946e+00 9.709057895291017815e-01 -1.678602342503866373e-03 -2.394559044021409566e-01 1.173706870332083874e+00 1.224616710033370166e-16 -9.999754303738808137e-01 7.009896473686697341e-03 1.034138876045006122e-01 0.000000000000000000e+00 0.000000000000000000e+00 0.000000000000000000e+00 1.000000000000000000e+00
-2.375730955090111229e-01 -1.157667045156912655e-02 -9.713006769232286342e-01 3.594203279143889151e+00 9.713696640776189328e-01 -2.831368465143964917e-03 -2.375562229501646250e-01 1.184506302605405459e+00 1.224559824125452831e-16 -9.999289795049798313e-01 1.191788345846884860e-02 1.056278451641766147e-01 0.000000000000000000e+00 0.000000000000000000e+00 0.000000000000000000e+00 1.000000000000000000e+00
-2.356882552495538907e-01 -1.597620089748004110e-02 -9.716973846534240344e-01 3.595348490165459321e+00 9.718287124475285532e-01 -3.874554092521328812e-03 -2.356564055848323069e-01 1.194999719163082119e+00 1.224481306853671017e-16 -9.998648652870384401e-01 1.643931764193744607e-02 1.081915851425306468e-01 0.000000000000000000e+00 0.000000000000000000e+00 0.000000000000000000e+00 1.000000000000000000e+00
-2.337950050146393177e-01 -1.996809310509333260e-02 -9.720808458600299629e-01 3.596906168959983940e+00 9.722859124918989959e-01 -4.801509892983104807e-03 -2.337456948748849739e-01 1.205161071367287118e+00 1.224388506611069362e-16 -9.997890881383403316e-01 2.053726465491669678e-02 1.111054057764489650e-01 0.000000000000000000e+00 0.000000000000000000e+00 0.000000000000000000e+00 1.000000000000000000e+00
-2.318812680975951002e-01 -2.351676558837356018e-02 -9.724597879818541735e-01 3.598899868594373164e+00 9.727440966181450932e-01 -5.605891051042239011e-03 -2.318134950344190315e-01 1.214964310580193496e+00 1.224288865686112835e-16 -9.997077251485982918e-01 2.417569602337575618e-02 1.143696053028177839e-01 0.000000000000000000e+00 0.000000000000000000e+00 0.000000000000000000e+00 1.000000000000000000e+00
-2.299352042749900904e-01 -2.658768349863530750e-02 -9.728426886815746411e-01 3.601353142135538477e+00 9.732059400943967598e-01 -6.281758243136485904e-03 -2.298493804176035271e-01 1.224383388163974518e+00 1.224189696840768993e-16 -9.996267476411138109e-01 2.731968887906335158e-02 1.179844819585234572e-01 0.000000000000000000e+00 0.000000000000000000e+00 0.000000000000000000e+00 1.000000000000000000e+00
-2.279453611185589257e-01 -2.914756707519316689e-02 -9.732375515145965661e-01 3.604289387178775783e+00 9.736739250614292462e-01 -6.823693776397502311e-03 -2.278432023535400253e-01 1.233392480986502227e+00 1.224097946545258988e-16 -9.995518278392787614e-01 2.993565538211800589e-02 1.219502587820578687e-01 0.000000000000000000e+00 0.000000000000000000e+00 0.000000000000000000e+00 1.000000000000000000e+00
-2.259094099017343038e-01 -3.116717241529103413e-02 -9.736496011818038809e-01 3.607717962780287557e+00 9.741483144356665180e-01 -7.227808562932000989e-03 -2.257937560375118391e-01 1.241986128286098001e+00 1.224019843702289344e-16 -9.994880520281436143e-01 3.199427844141623095e-02 1.262603686617815579e-01 0.000000000000000000e+00 0.000000000000000000e+00 0.000000000000000000e+00 1.000000000000000000e+00
-2.238408852805400528e-01 -3.262350202141849065e-02 -9.740795476718946411e-01 3.611623214229857215e+00 9.746257015269113033e-01 -7.492592861018497995e-03 -2.237154509089502308e-01 1.250195150824018109e+00 1.223960540238583856e-16 -9.994396270751313427e-01 3.347285216294664661e-02 1.308961458461459226e-01 0.000000000000000000e+00 0.000000000000000000e+00 0.000000000000000000e+00 1.000000000000000000e+00
-2.217549640659229049e-01 -3.349571847097160271e-02 -9.745269481939609069e-01 3.615986903994515167e+00 9.751024232931231328e-01 -7.617499114407994161e-03 -2.216240911884824194e-01 1.258054115648312932e+00 1.223924050724886886e-16 -9.994098311260278811e-01 3.435097449337638081e-02 1.358376753258188074e-01 0.000000000000000000e+00 0.000000000000000000e+00 0.000000000000000000e+00 1.000000000000000000e+00
-2.196667707111187584e-01 -3.376477592877596967e-02 -9.749904870058109241e-01 3.620790794541294044e+00 9.755749637241357686e-01 -7.602695403073015529e-03 -2.195351661517108977e-01 1.265597589807033518e+00 1.223913101001246308e-16 -9.994008899981465799e-01 3.461012959976251385e-02 1.410650420914680570e-01 0.000000000000000000e+00 0.000000000000000000e+00 0.000000000000000000e+00 1.000000000000000000e+00
-2.175913054340109232e-01 -3.341353130906830893e-02 -9.754678670899318282e-01 3.626016648337225146e+00 9.760399703903129831e-01 -7.448971473773573736e-03 -2.174637648539635149e-01 1.272860140348230251e+00 1.223928975598269387e-16 -9.994138525903275561e-01 3.423377353665791462e-02 1.465583311337616546e-01 0.000000000000000000e+00 0.000000000000000000e+00 0.000000000000000000e+00 1.000000000000000000e+00
-2.155433715873891209e-01 -3.242685074859034955e-02 -9.759557132960845482e-01 3.631646227849342434e+00 9.764942677582602037e-01 -7.157638268945148291e-03 -2.154244954727067007e-01 1.279876334319955067e+00 1.223971384021994847e-16 -9.994484816962501128e-01 3.320741536254247922e-02 1.522976274433675281e-01 0.000000000000000000e+00 0.000000000000000000e+00 0.000000000000000000e+00 1.000000000000000000e+00
-2.135375031936886936e-01 -3.079171190837247385e-02 -9.764494893273062415e-01 3.637661295544675433e+00 9.769348671891107116e-01 -6.730423389321318374e-03 -2.134314097577839631e-01 1.286680738770256793e+00 1.224038348712426918e-16 -9.995031625156332034e-01 3.151869478972329358e-02 1.582630160109533835e-01 0.000000000000000000e+00 0.000000000000000000e+00 0.000000000000000000e+00 1.000000000000000000e+00
-2.115878908122417468e-01 -2.849734589110075947e-02 -9.769434301630722794e-01 3.644043613890257660e+00 9.773589742063183428e-01 -6.169374272888127064e-03 -2.114979299176570071e-01 1.293307920747188033e+00 1.224126115656541611e-16 -9.995748296642148478e-01 2.915750163776057932e-02 1.644345818271872317e-01 0.000000000000000000e+00 0.000000000000000000e+00 0.000000000000000000e+00 1.000000000000000000e+00
-2.097074132043400541e-01 -2.554919261887804438e-02 -9.774303246798043965e-01 3.650774945353121304e+00 9.777641846821472082e-01 -5.479700706470394013e-03 -2.096358080887502640e-01 1.299792447298798503e+00 1.224228640464883693e-16 -9.996585475234487372e-01 2.613021935057233125e-02 1.707924098827371395e-01 0.000000000000000000e+00 0.000000000000000000e+00 0.000000000000000000e+00 1.000000000000000000e+00
